value
80.495
82.63560000000001
74.49793333333334
85.85406666666667
94.45877333333333
83.20657777777778
90.46048571428571
85.50144999999999
82.83534074074073
84.56119333333334
78.80187878787878
77.06686111111111
71.77873333333334
70.22772380952381
69.94028888888889
69.5718375
69.67889411764705
69.64064444444445
69.85143157894736
68.11486000000001
68.04406666666667
67.66375151515152
68.06300869565217
67.79626944444445
67.82758133333334
67.66347179487178
67.75476049382715
67.81625
67.84250574712642
67.94094888888888
67.7995440860215
67.99376875
67.88187272727272
67.62204705882354
67.76627238095237
67.87909814814815
67.83419279279279
67.89804561403508
67.80480341880342
67.82964
68.01852032520326
66.38230158730158
66.16155813953489
66.12883636363637
66.19109925925925
67.85519855072464
67.70546524822694
67.96570833333332
67.82092108843537
67.68257333333334
66.94818039215687
66.0059141025641
66.06169056603774
66.50657901234568
67.68709575757576
67.70599047619048
67.65447602339181
67.84804367816092
67.05161920903954
66.22608111111111
66.05664480874316
67.21961397849462
67.90474497354498
67.83277395833333
67.68581025641026
67.88073636363636
67.74515621890546
67.7917862745098
67.42828019323672
66.17857047619047
66.04799061032864
67.3500074074074
67.73712328767122
68.07283603603604
67.74575822222222
66.59177105263157
66.22769177489178
67.11910256410256
67.75318481012658
67.8354525
67.61069711934157
66.13487967479674
67.256140562249
67.7432253968254
67.6989474509804
67.73359069767442
67.90538390804598
66.65723484848485
66.20570486891386
67.40438814814816
67.734873992674
67.98395942028986
66.8919569892473
66.06953758865248
67.23278315789474
67.71580902777778
67.7855821305842
66.65389387755101
66.36539865319865
67.80208466666666
