value
0.01590285669316125
0.01530234516408279
0.015364859263922772
0.015448508695994335
0.018441923349335015
0.017024645208677632
0.016146081462411043
0.01590778901392933
0.015852128747934208
0.015378352089399543
0.015466770641808023
0.015465416699456993
0.015349768449855016
0.015416124970488707
0.015278583457936569
0.015426596560950656
0.015338738722056856
0.015314328935057667
0.015268819092667531
0.015462951916266626
0.015230809415133016
0.015312198001101755
0.015278848700305549
0.015346384538705701
0.015364014794994885
0.015349649193963352
0.01532580467458881
0.01525212087825608
0.015351424004689243
0.015346438970646102
0.015443369542314752
0.015321813272212166
0.015298840295613727
0.015331749984955026
0.01527539916131716
0.01527290863303691
0.015382257066226531
0.015322076932316627
0.01630266661016641
0.016531216652238924
0.015731537255248212
0.015441458588629439
0.01533280575987233
0.015336857995235266
0.015353264604810997
0.015327357738459802
0.015300733889345627
0.015331342960572912
0.015375550034289311
0.015331235382072872
0.015335206316728313
0.01531106022725209
0.01531239088245819
0.01535460682213653
0.015316118674746203
0.015290901527841797
0.015322077208445684
0.015342473738341343
0.01534776161010947
0.015306033157577188
0.015311987325947877
0.015373562958694345
0.01532538096112504
0.015316314334618714
0.015322535489221568
0.015354443625679953
0.015287541124941125
0.015316707326670339
0.015401489992392645
0.01536737096538466
0.015327107715942307
0.015316718912585363
0.015292789542167999
0.015316674784487802
0.015305010676529996
0.01532162359743697
0.015301263134441698
0.015538717807467316
0.01539173643949861
0.015272439206736444
0.015339045165151511
0.015357388380132326
0.015279322562936092
0.015394742118142606
0.015347832366597381
0.015333445399990117
0.015300281047010925
0.015331322928664945
0.015310595151040345
0.015340676092792249
0.015355328247734008
0.015317878368992099
0.01538314027235856
0.0152860164191625
0.01536489444276466
0.015428001954303402
0.015323678725663831
0.015313547088781212
0.015342236085574402
0.015299889667112614
