value
212.51839999999999
200.5605
194.30773333333335
230.02360000000002
235.13135999999997
243.93733333333336
188.9349714285714
209.7322
201.91811111111113
222.85764
203.0031090909091
205.25558333333333
206.92707692307692
205.03557142857142
204.34630666666666
192.34573749999998
204.7211294117647
202.8600888888889
213.39384210526313
210.35075
220.64490476190477
212.20224545454545
226.76472173913044
213.9360333333333
209.603376
214.98963076923079
204.83667407407407
207.78298571428573
198.49740689655172
205.79108666666667
189.56095483870968
201.63236874999998
201.57416363636364
198.49305294117647
205.39102285714284
209.35447222222223
197.05617837837838
215.5216894736842
206.86220512820512
197.40375
206.96703902439026
214.61584285714287
200.16211162790697
203.46052272727275
199.10024444444446
206.26662608695653
204.33227234042553
199.69898333333333
190.69424897959183
203.09117600000002
204.9297294117647
197.15930384615385
209.19181509433963
201.39694814814814
201.2859890909091
200.65634285714285
191.48122105263158
192.52958620689654
207.0338745762712
200.96442666666667
199.98618360655738
200.24396774193548
208.36353333333332
191.43969687499998
193.34627076923076
201.25566363636364
204.51593731343283
203.70807647058825
197.8245884057971
206.41410857142859
202.8123690140845
201.8999333333333
199.41019178082192
199.79496486486485
205.284368
206.88550526315788
199.66389610389612
201.90353076923077
197.6783240506329
200.85281
204.74771604938272
200.7857292682927
193.76676626506023
201.74955238095237
198.37417411764704
200.41440465116278
208.45912183908047
199.1097409090909
195.67246067415732
200.53307555555554
208.31952967032967
196.5079282608696
204.78520860215053
200.57304680851064
197.5387305263158
194.90484166666667
205.19536082474227
203.35281632653061
198.5924484848485
202.84138000000002
