value
0.08895918548030102
0.08595081894643647
0.08594673159214991
0.08594030544488712
0.10090032757857459
0.09916917515124686
0.09318565737051793
0.09307663789287295
0.09168967586444346
0.09033019920318724
0.08764477443760312
0.08654147115242733
0.08642028807845542
0.08610935938784545
0.08633100782056957
0.08589189907038512
0.08609536234148374
0.08608679848507206
0.08654589128864659
0.08588033643204958
0.08626227365669596
0.08632884220692986
0.08617285062647959
0.08600545595396193
0.08588878618857902
0.08601852078864032
0.08591201613299887
0.08590382912793271
0.08614996260170048
0.08589498893315627
0.08608967998971855
0.08595421646746348
0.08599492937341544
0.0859754394187954
0.08622699803958768
0.08602235502434705
0.0862402761327064
0.08619924978448777
0.08595496078364605
0.08604074811863657
0.08601144689534544
0.08591011614915997
0.08609453658235276
0.08605099199162944
0.08592318725099603
0.0860003984063745
0.085915775197084
0.08601629408292755
0.08601039831603292
0.08606627003098717
0.08599086876893298
0.086045060782511
0.08598886967851863
0.08628220287573984
0.08607729727554428
0.08646290077784101
0.0859555819606564
0.0859781227580101
0.08626815224975803
0.08594969307953372
0.08602881588400497
0.0861796155878279
0.08601510290408032
0.08608494632580788
0.08597721387952464
0.08606371550833702
0.08611432743321903
0.08594757440824935
0.08593169864824118
0.08606929741352051
0.0863223462955689
0.08599540357090157
0.08601226509487166
0.08626193843245636
0.08622078795927401
0.08621621700333171
0.08608108748268112
0.08613350586258953
0.08608618241520556
0.08607218348826914
0.08598190830641768
0.08624152495708223
0.08609651567758418
0.08600929404076814
0.08596694841548838
0.08593796699506882
0.08632238148300794
0.08606520181898668
0.08593755514769884
0.0862340770252324
0.08618880570514037
0.08605071405200454
0.08605684597333486
0.08596673353865861
0.0859386482141609
0.08600496532388963
0.08586937290927926
0.08596010786784834
0.08613173076493129
0.08591793448428509
