value
68.26033333333334
65.93206666666667
65.96997777777777
65.96496666666665
89.23196
74.91811111111112
76.52807619047618
70.44408333333332
69.74317037037036
68.23949333333333
67.8542303030303
66.19943333333333
66.21498461538462
66.33950476190476
65.99451555555555
65.95099166666667
66.00263921568627
66.13233703703703
65.97423859649122
66.13287666666666
66.041
66.01028484848486
66.26354202898551
65.97097500000001
65.95942666666667
66.08504358974359
66.40912839506173
66.27476904761905
65.95193563218392
66.06277777777778
65.98482150537635
66.09418958333335
65.96910909090909
66.21636470588236
65.97705142857143
66.02265
66.26034414414414
66.09508947368421
66.05507863247863
66.14009166666666
66.02484227642276
66.10862222222222
66.07097829457364
65.96590454545453
66.1095911111111
66.06600869565217
66.20093475177305
65.99739861111111
66.23031700680272
66.03937066666667
66.25854248366014
66.00159743589744
66.2145358490566
66.01251728395061
66.0942
66.15916904761905
66.11237777777777
66.01872413793103
66.04733220338983
66.04842555555555
65.9881737704918
66.00381720430107
66.02097989417989
66.03138437499999
66.17539794871794
66.28216464646465
66.21583980099501
66.0860794117647
66.31774685990338
66.26110857142858
66.10497183098592
66.11671388888888
66.04700273972603
66.04434504504505
66.168976
66.03354824561403
66.10791948051948
66.07152905982906
66.09387172995781
66.16878583333333
66.12404115226337
66.06994959349593
66.19621445783133
66.08446428571429
66.0612956862745
66.13554651162791
66.08520076628352
66.07770833333333
66.0659086142322
66.1031837037037
66.06148644688643
66.03739999999999
66.12324014336917
66.14792695035462
66.0736898245614
66.10858472222222
66.05588453608247
66.08165646258503
66.03874814814816
66.06188733333333
