value
436.1343333333333
344.9133333333333
414.9987777777778
418.84375
532.9038
427.6573888888889
395.2267619047619
413.73016666666666
404.442
366.4436
397.4037272727273
390.76977777777773
389.2329487179487
390.06985714285713
385.18595555555555
377.10097916666666
378.5805882352941
407.3997962962963
396.46719298245614
379.85773333333333
388.07109523809527
389.36466666666666
387.6213768115942
377.018875
401.5768
384.8098076923077
402.37277777777774
385.07508333333334
379.87333333333333
392.3716111111111
381.8004408602151
386.3707708333333
391.1988787878788
383.0434705882353
397.33282857142854
384.5701574074074
388.6048828828829
390.9335964912281
375.1001794871795
389.93275
380.8935284552845
384.17106349206347
403.67201550387597
375.0427196969697
387.26068148148147
397.1531304347826
388.9798723404256
391.3563888888889
389.14317006802725
375.85336
385.714045751634
387.29428846153843
373.93906289308177
401.60067283950616
390.39203636363635
386.4313630952381
382.52441520467835
392.4897413793103
379.3535706214689
380.97338333333335
378.3718360655738
395.8089247311828
381.0386666666667
389.1189166666667
396.1668205128205
383.1760404040404
390.30122885572143
386.13244607843137
389.9257439613527
388.64054761904765
386.5722769953052
383.9423194444444
402.2611095890411
384.30173423423423
391.9656577777778
385.95259210526314
383.0135238095238
389.1207094017094
390.1355443037975
388.0887583333334
384.70509876543207
383.8986707317073
378.9845020080321
392.14982936507937
394.23577647058823
383.8715697674418
386.3422183908046
389.9194015151515
385.69406741573033
393.05938888888886
394.2807142857143
377.074652173913
372.19163799283155
398.03432624113475
394.01918947368426
389.69019097222224
387.53329209621995
375.8561394557823
391.2854175084175
387.3662366666667
