value
456.5893333333333
476.5436666666667
493.33444444444444
604.5600833333334
519.7432666666666
525.4141666666666
479.8751904761905
477.6347083333333
465.73755555555556
515.7050666666667
480.0788787878788
497.8489166666667
494.7344871794872
469.09230952380955
468.08815555555555
443.1463125
489.4814901960784
445.9277407407407
451.2255087719298
433.4496666666667
455.1300952380953
476.11860606060606
435.5884347826087
466.94029166666667
462.94094666666666
450.4217435897436
432.12795061728394
487.6492619047619
465.6637471264368
457.64053333333334
497.65998924731184
478.7853958333333
486.6145858585858
454.31519607843137
450.9802761904762
442.7751851851852
460.9954234234234
473.9426666666667
468.6462051282051
458.7866333333334
446.15820325203254
476.57034126984126
455.66127906976743
449.26561363636364
443.3989037037037
463.2148695652174
466.1196241134752
463.7685763888889
462.5451088435374
438.4763466666667
451.8611176470588
441.0376153846154
464.4125408805031
474.064462962963
457.4630424242424
481.419625
464.75428654970756
462.97021264367817
461.71212429378534
451.11220555555553
460.9943715846994
470.65044086021504
474.2172433862434
475.0099010416667
461.7184717948718
460.9048181818182
461.43732338308456
446.1501421568628
474.3217439613527
465.65984285714285
445.0875211267606
451.3368888888889
459.50568036529677
471.7910990990991
458.2898666666666
460.51163596491233
473.1023463203463
460.56674358974357
484.2845316455696
467.4248541666667
461.1518847736626
464.51806910569104
446.876718875502
462.82147619047623
470.20099215686275
472.19522093023255
458.4639808429119
446.42698106060607
452.1824157303371
459.18448518518517
450.42421245421247
464.2704710144927
486.49648028673835
458.9081312056737
461.3549754385965
477.20056597222225
459.46728178694156
466.1778163265306
471.7083333333333
457.97281666666663
