value
703.015
914.94525
781.933
1040.630625
926.6757
873.2964166666666
879.7329285714285
814.0984375
857.9013888888888
823.9298
829.3890909090909
870.939125
885.0710769230769
855.8981071428572
861.0906
851.7315625
842.6592352941176
816.9908333333334
873.5352368421053
830.07895
867.8536190476191
864.0386136363636
826.5050652173913
817.048
821.2736600000001
823.3448461538461
830.0480555555555
816.2285178571428
814.6657931034482
843.4662
856.9985483870968
853.510453125
843.8027727272727
819.1519558823529
818.0019285714285
813.0455555555556
802.5118783783784
825.153552631579
842.2106666666666
845.8998375
833.844256097561
818.6414047619047
833.9900581395349
818.1523522727273
833.4151999999999
830.9209021739131
860.2295425531915
835.9983333333333
828.0695408163265
819.8532700000001
830.6577941176471
845.0608557692308
833.0499528301887
820.3153888888888
809.8071818181818
809.1441517857144
828.307052631579
845.3766637931034
800.8533813559322
827.8667916666666
836.6000491803279
830.0545725806452
839.7740555555555
828.93784375
828.8586230769231
825.1273787878788
834.8010597014926
817.7866176470588
819.4374275362319
851.6027357142857
846.0784577464789
812.7918194444445
831.2066164383561
827.1361148648649
835.2489
841.7620592105263
827.9753441558441
842.8969807692307
825.5687721518987
830.23838125
839.6921111111111
847.6856402439024
843.2766506024096
821.8098273809525
836.7892764705883
859.3716395348837
817.8203275862069
829.0918011363636
845.7249943820224
825.3869
811.4287857142857
846.0333858695652
822.5990537634408
823.8395691489362
828.9263789473684
831.1483489583334
805.1279948453608
840.735
830.0282676767677
826.691195
