value
0.0026081622389132596
0.0025084673004970902
0.0025069373357955015
0.0025066784610265408
0.002979474257730047
0.00277236419764062
0.0026597911995520783
0.0026868105316098156
0.0026611482383674277
0.0025236398596869118
0.0025240997727567142
0.002508156354433638
0.0025366815403646318
0.0025069904352107908
0.0025071320739700254
0.0025126001419895298
0.0025085677076990957
0.002516841324230876
0.0025208202960136116
0.0025134581435694494
0.0025243944640654242
0.002507152933276467
0.0025068666189650172
0.00251039542009681
0.0025102909642333708
0.002523485423847637
0.0025068766565092366
0.002512753929205537
0.002513737143229519
0.0025097800051309275
0.0025068235518915646
0.0025068580911171453
0.0025124570469549144
0.002514592214527159
0.0025110188302138333
0.0025068594405256916
0.0025113677780083665
0.002511830678321189
0.0025073427038216686
0.0025092046173267866
0.002515652333751163
0.002506901291089906
0.0025108813646967727
0.0025088089967189313
0.002506789842795492
0.0027379151802235544
0.002795732175093362
0.002755137859810528
0.002871947381918037
0.002928176260061825
0.002719520400218326
0.002519661896102429
0.002513893785965557
0.0025092445127815506
0.0025122965149640894
0.002509983582120423
0.0025152033697101567
0.0025126938779835998
0.00250973819310843
0.0025112956184757417
0.002508434404597331
0.002513231311833638
0.0025118361902794362
0.0025134580880055678
0.0025098750425704814
0.002516648805404454
0.002509762922258486
0.0025094630426041806
0.002515624977567377
0.00251280079337058
0.002511409122926571
0.002512576134864935
0.002516088533796567
0.0025068365456322
0.002514456972600339
0.0025117170439172905
0.0025161817691618984
0.0025091175566624587
0.002510489544440961
0.0025210086082740014
0.0025138729625361696
0.0025124173774764918
0.0025104437756563592
0.0025099627626742798
0.00251792500149789
0.0025135769033357703
0.002510277402047939
0.002514095820649374
0.0025101066686675135
0.0025124373909713176
0.0025097647424218265
0.002513977415304631
0.0025127911161591907
0.0025102386702780238
0.0025184692670407152
0.0025120716236422306
0.002512867789687066
0.002507820776669406
0.0025096314704484562
0.0025087880088699006
