value
266.7066
195.2028
187.96966666666665
164.472
209.50916
233.18876666666665
186.48708571428574
192.967025
205.56602222222224
174.72722
190.2544
187.4241
185.90973846153844
194.85355714285714
181.52664000000001
198.7788625
184.44114117647058
195.53363333333334
185.7681157894737
191.38148
193.5204857142857
193.9709
181.97861739130434
188.19270833333334
201.79980799999998
208.1485846153846
184.5718
206.07302142857142
187.8905379310345
194.64714666666666
185.87422580645162
181.778075
197.71390303030302
194.42922352941176
185.82672
199.37964444444444
183.8495297297297
199.97181578947368
184.8166051282051
188.54728
197.41011707317074
203.94379999999998
199.0766930232558
185.35612272727275
188.4177777777778
175.31964782608696
187.56630638297872
191.48725833333333
192.57979591836732
190.461068
203.06667843137254
188.91798846153844
183.3182566037736
194.31854074074076
191.99848363636363
192.73470714285713
189.86837192982455
186.59062068965517
187.53549491525425
200.44727666666668
192.3734393442623
190.14764516129034
182.92001904761904
195.03836249999998
189.9472123076923
191.1225696969697
195.06425373134329
186.04592647058823
183.22692463768115
195.61776285714288
189.27467323943662
190.1268472222222
191.55517260273973
191.82214324324326
188.02222133333333
183.84937894736842
187.6321766233766
190.27763333333334
181.89327088607595
188.2955025
184.1967061728395
190.91128292682927
194.10257108433734
183.37938095238096
186.99685176470587
197.72976046511627
185.68754942528736
186.10240909090908
187.59378426966293
194.82793777777778
184.99651868131866
188.30005217391306
194.83807741935485
194.30378723404257
183.92637894736842
188.56203958333333
188.58491546391753
194.24555306122448
189.62048282828283
194.605986
