value
192.77666666666667
204.92108333333334
207.66238888888887
237.50241666666665
222.84523333333334
191.99755555555555
208.31897619047618
193.91185416666664
198.2812962962963
226.85951666666665
187.5435606060606
191.93661111111112
206.66285897435898
186.72528571428572
191.16405555555556
177.404875
183.027
179.64898148148148
184.12311403508772
194.78535833333333
185.35309523809525
194.81062121212122
188.602115942029
188.23459027777778
186.28457333333333
174.80314743589744
181.15395061728395
194.48496428571428
192.66525862068966
180.18295
198.8119677419355
183.10755729166667
187.25948484848487
187.18240196078432
180.49609047619046
186.65191203703705
194.1381081081081
189.17702631578948
190.07053846153846
192.9546
188.292256097561
193.64664285714287
189.8921395348837
188.36097727272727
185.46487037037036
185.90914492753623
187.1561879432624
189.194625
190.8130068027211
194.11087666666668
184.83574183006536
185.4117564102564
185.639393081761
190.06993827160494
194.93340303030303
187.67008333333334
185.46794736842105
190.88016379310346
190.45743785310734
192.75868333333332
188.4295163934426
191.38960483870966
186.43758465608465
186.46815104166666
190.59328717948716
192.7170909090909
193.57100995024877
185.31451960784312
185.1785314009662
193.2653261904762
197.16849295774645
190.25602314814816
190.7592191780822
186.7587837837838
189.93486222222222
193.04407894736843
185.33442207792208
187.76696367521367
186.72559493670886
194.16405208333333
188.51063786008228
187.4550487804878
186.64926506024096
188.59174206349206
187.6735294117647
187.09086821705426
196.4641053639847
184.5524034090909
183.1305861423221
200.9947351851852
221.25949816849817
238.37578985507244
199.2465035842294
189.67384219858155
189.9816859649123
184.78792881944443
187.93296048109966
195.51609523809523
187.6394915824916
189.674175
