value
0.1530052314521243
0.15331024096385543
0.15307419150285353
0.1531176680405834
0.1921703868103995
0.1752994081589516
0.16728310988314157
0.16607308180088776
0.16264137250757416
0.15519151870640457
0.15451550700409294
0.15305025364616362
0.15304998536656747
0.1541604425219676
0.1536995983935743
0.15294991479074194
0.15302903875564175
0.1530484569858381
0.15292452357908087
0.15304747939124919
0.15310519521695806
0.15405374848677006
0.1532166675856745
0.15439358750792645
0.15346838300570703
0.15303419955124142
0.15320969257145542
0.15293413126188965
0.1530428629217414
0.1531235626717396
0.15353780657434493
0.15314861584495879
0.15304355700313216
0.15391064101607668
0.15302009692906968
0.153175856936518
0.15316621964386706
0.15300170627106766
0.15352191356519193
0.15304759828788841
0.15333054425661566
0.15292215855904823
0.15312840468360592
0.15311686098460828
0.1535313323469316
0.15319026563921592
0.15293569799916348
0.15322772669625873
0.1532146707129269
0.15326549461001904
0.15344448070921457
0.15326616994292963
0.15309004737918905
0.15321098135230982
0.15324632501297056
0.15306383051001
0.152950016131006
0.1530272669625872
0.15317263523317173
0.1532304718875502
0.15314497073713318
0.15306940239736536
0.15303055832351964
0.1534715242549144
0.1535091483342276
0.15311948992140814
0.15306427990043442
0.15360894662240293
0.15337026136582946
0.1531297898360359
0.1530965105790099
0.15309459548721202
0.153079503305218
0.15325685958628252
0.15353068061720565
0.15297600373794348
0.15302929489660624
0.15347901321886737
0.15332364568199514
0.15970867549143944
0.15342905931719078
0.15346428074299767
0.15306731364264922
0.15315852885225112
0.153371826625387
0.15316154090044387
0.1529862608328049
0.15316459978670666
0.15354380027502082
0.15306389945747903
0.15333696962517507
0.15321525978054093
0.15301961666700759
0.1536804125797704
0.1530101408403698
0.15339642781652926
0.153221647850218
0.1532328982956531
0.15322115735669953
0.1530749365884591
