value
211.98216666666664
183.79116666666667
183.56916666666666
187.32470833333335
250.9825
202.84469444444443
205.02961904761906
195.06477083333334
192.68662962962964
184.51088333333334
185.74178787878787
184.16420833333333
185.07710256410257
184.11405952380952
184.1233111111111
183.55686458333335
183.95229411764706
184.7007962962963
188.6332807017544
188.89369166666668
189.85257142857142
188.31774242424243
188.2564492753623
188.31270833333335
183.58704
184.2416858974359
183.6116049382716
183.9976130952381
183.58667816091955
184.397
183.54990322580645
183.76977604166666
183.60477272727275
184.15425980392158
187.1072142857143
188.43274074074074
188.89383783783785
188.42655263157897
188.28788034188034
185.6589375
183.9947032520325
184.17048412698412
184.54220930232557
184.08975
184.00348888888888
184.0838079710145
184.06290780141845
186.20988888888888
188.72754421768707
188.76459
184.32211764705883
183.7944455128205
183.90291194968555
183.71077469135804
183.9180212121212
183.92766964285713
183.86669590643277
183.97483045977012
188.7002570621469
189.51196944444445
185.3890519125683
183.81382795698923
184.18674074074073
183.8542109375
183.84322820512818
183.77376010101008
186.95055223880598
188.6785980392157
185.63327536231884
184.08712380952383
183.60222300469482
183.67642824074073
183.74053652968036
185.98524324324325
188.6472888888889
186.42684210526315
183.89659307359307
183.82691239316242
183.88954852320677
184.25839583333334
187.59876543209876
187.91608333333335
183.8131546184739
183.85426388888888
183.96970392156865
183.73336627906977
186.23711685823753
188.56783522727272
184.1759700374532
183.9263425925926
183.82611172161174
183.85196376811592
187.11768279569893
187.76654787234042
184.25169824561405
186.75458854166666
188.72567869415806
187.3617193877551
183.98222053872055
184.263605
