value
0.2198806170355466
0.21255611446456515
0.2126493777479693
0.2124041471048513
0.21880465012295996
0.23580967285192636
0.22262661684392065
0.2159285993740219
0.2165983307250913
0.21325211267605632
0.21644751336300633
0.21248326999031225
0.21265406111884985
0.21380083676663153
0.21252986064535362
0.21252925888665325
0.21261374784655646
0.21256990088680228
0.213399519926577
0.21247553096355912
0.21258524693132339
0.2128822023047375
0.2125055064687643
0.21372099262240107
0.21344925553319918
0.2135988151128996
0.21381306770665143
0.2126477276356552
0.2128127307908755
0.2128326700946419
0.2129191493044287
0.21331456097697296
0.2125107547642759
0.21353914993227338
0.21274455622624638
0.2126185632312393
0.21253994235684376
0.21303322272818195
0.21293728181052127
0.2126214229823385
0.21313731712769846
0.21252456538170825
0.2126397038562122
0.21282109830701382
0.2134714012469881
0.21299958689334073
0.2127142000941821
0.21253736306729262
0.21273464368980322
0.21265542141739327
0.2127804430066236
0.21304287691963747
0.21247451585825222
0.21287729670202285
0.22387338983395322
0.22442013589473347
0.2131327614811677
0.21239346037913304
0.21289126472583147
0.21299199269692226
0.21269710430158364
0.21285125448028674
0.21269020117175716
0.21300066021126762
0.21274468004608849
0.21297658001883354
0.21253160421901224
0.21303191041674888
0.21254234262256308
0.21306123087732745
0.2128209948265493
0.21292475842710584
0.21327533235945353
0.21289052332010078
0.21312338028169014
0.21322393424876745
0.21323628640530048
0.21256939643559364
0.2198761287839555
0.22345503018108653
0.21265353437497414
0.21281346616283064
0.21290370065102798
0.21266424738909648
0.21301634381452111
0.213186353261689
0.21262696742395623
0.21327333953214236
0.21293411404758136
0.21263652532478824
0.21285439130509554
0.21299133934039016
0.21267852515330934
0.2127526554123797
0.21362839728429053
0.2132651161599225
0.21310411841034752
0.2260869548355895
0.2129171775885391
0.2137825799239884
