value
0.21948693321420595
0.2127750725932544
0.21247829647829647
0.21239714094259549
0.24676318963591692
0.22600636587000225
0.21346753246753247
0.21730151329014966
0.21402087211178122
0.2128100737100737
0.2156207078603773
0.2125683493410766
0.2125244927063109
0.21242064201155111
0.21324891668528034
0.21301255025686844
0.21261911206296233
0.2125759064849974
0.21253562653562652
0.21314239446057626
0.21326661135752045
0.21261325562978456
0.21284687921842071
0.21297744025016752
0.21270571364753182
0.21332957337502795
0.21250908759999668
0.21275970037333672
0.22002658800150962
0.23038227235499964
0.2293015772370611
0.2193120393120393
0.21294723198028984
0.21327356817196388
0.21242525287979833
0.21262139825776188
0.21241851143079646
0.2127069289820486
0.2126460484642303
0.21268823989278537
0.213015967792021
0.21322167799440528
0.21272091984354138
0.21307215667959467
0.21305478867297048
0.2127230093909936
0.21294581287811462
0.21284421301466755
0.21291718670939452
0.21315494750949296
0.21271657316042342
0.21328975017611382
0.2128181986758316
0.21273976869431413
0.2130865392815806
0.21266050687641597
0.21307579872173174
0.21258220945368284
0.21299949648485858
0.21254036929491474
0.2124748166402414
0.2129546787523327
0.2126895561441016
0.22113828665959348
0.22546388550024915
0.21320323403794478
0.21255384902603355
0.21322964761066365
0.21261547425974303
0.21291841475477838
0.21278536935259088
0.21290137554910282
0.21274224422543228
0.21262726910515609
0.21274773881319337
0.21308131326193527
0.21319439617786726
0.21327631827631827
0.2133955858777493
0.2129198402948403
0.21262089913605065
0.21267573287861535
0.21269341561017355
0.2125643713370986
0.21266091526626285
0.22536376882359968
0.2161910120436766
0.21269482405019596
0.21305106750357006
0.21309289702926065
0.213185603094694
0.2127067014013654
0.21288031059585313
0.21277948521758966
0.21282066468382257
0.2129446616037525
0.21267996794613478
0.21278248006819436
0.21258432662564894
0.2131813937904847
