value
136.47211111111113
119.02355555555556
88.91896296296296
129.71191666666667
125.35397777777777
121.68485185185186
142.63973015873015
129.7608888888889
110.54014814814815
112.49202222222222
130.0959191919192
114.19450925925925
114.08111965811966
113.99424603174603
119.6300074074074
121.56085416666667
116.07739215686274
121.04174691358025
112.51825730994152
117.65691111111111
123.35704761904762
130.83847474747475
120.69289855072464
129.2816527777778
132.18226666666666
116.50876068376068
111.58743621399177
122.87402777777778
126.33877394636015
131.18130370370372
116.85242652329748
120.22822222222221
114.63485521885521
117.40711764705883
114.54161904761905
132.48051543209877
132.81065165165165
123.65667251461988
125.59809116809117
119.21757222222223
118.7458753387534
121.39416666666668
122.55497416020673
118.44286111111111
117.83463703703704
123.18175603864735
123.40824586288416
123.23445138888889
118.7350612244898
121.77855777777778
121.68346187363834
117.74094658119658
119.0513962264151
119.97748765432098
112.94585252525253
122.43586111111111
123.33500389863548
123.39448850574712
117.12864971751412
122.08299259259259
121.671970856102
118.93793189964158
119.87837566137566
114.57017534722222
133.42120854700855
111.45349831649831
123.52057711442785
122.9682614379085
121.20673913043478
121.52094761904762
118.44757433489828
122.72914814814814
118.05883409436834
121.11098348348348
121.47184444444444
121.65943421052631
121.22805483405484
116.77706125356126
119.060129395218
115.5863625
123.1796145404664
120.57549322493225
121.17808701472556
125.00649206349206
119.45223921568628
122.96927906976744
120.614779054917
119.06559722222222
122.30567041198502
122.60245555555555
122.21206105006105
118.11460869565218
121.84499163679808
116.04489716312057
117.59705497076024
124.95763194444444
119.83087285223368
120.18658956916099
121.85797643097644
120.3548
