value
59.811882352941176
57.99535294117647
57.94562745098039
57.93267647058824
69.24944705882352
59.93951960784314
61.45129411764706
62.74694852941176
58.297189542483665
58.384076470588234
58.13756684491978
57.94764215686275
58.10485520361991
58.10936554621849
57.94047058823529
58.06341176470588
58.05523183391003
58.06370261437909
57.93911145510836
57.92481176470588
58.23559383753501
58.02304545454545
58.31281074168798
58.08425
57.916388235294114
58.01678280542987
58.02028322440088
57.91392226890756
57.973350912778905
57.9296137254902
58.364795066413656
58.075845588235296
58.27352762923351
58.164198961937714
58.05192100840336
57.935321895424835
58.0025453100159
58.16533126934984
58.00573453996983
57.98651323529411
58.03881635581062
61.076988795518204
62.136957592339265
58.957508021390375
57.92507058823529
57.99930562659846
58.03908760951189
57.97804411764706
57.955339735894356
58.182763529411766
57.99097347174163
58.122934389140276
57.92249944506105
58.17631590413943
58.233664171122996
57.932089285714284
58.045067079463365
58.02165212981744
58.17385842472583
58.136924509803926
58.00526036644166
57.93844971537002
59.193818860877684
64.12110661764706
58.75616018099547
58.24998752228164
58.22127392449517
57.942959342560556
58.011836317135554
61.28860588235294
60.31327174813587
58.03924019607843
57.96832070910556
58.08042686804452
58.02671294117647
58.02075851393189
58.06201222307105
58.00372247360483
57.99233432613552
58.0003125
58.1156456063907
58.036885222381635
57.963774627923456
58.15137324929972
58.02345121107266
57.94804445964432
58.39535564570656
58.015356283422456
58.03657699933906
62.04763267973856
58.162948287007104
58.087820971867
58.04875458570525
57.97501188986232
58.099913312693495
58.056550245098045
57.9704057004245
58.097180072028806
57.98785383244206
58.069291176470585
