value
7.938136
7.68744
7.681149333333334
7.686648
8.973590399999999
8.27652
7.8749074285714284
8.427761
7.935285333333333
7.7207096
7.721562909090909
7.734478
7.709710769230769
7.684137142857143
7.68876
7.7006645
7.713658352941176
7.6991497777777775
7.713017263157894
7.739296
7.697052571428571
7.6842690909090905
7.684032
7.687640666666666
7.6840736
7.732638153846154
7.683998814814815
7.775949714285715
7.7059679999999995
7.714224533333333
7.685377806451613
7.68367825
7.684184484848485
7.691860705882353
7.692525257142857
7.631554666666667
7.4995145945945945
7.514087578947368
7.491831589743589
7.4988068000000005
7.510081365853658
7.686233142857143
7.6839134883720925
7.690002909090909
7.695944533333333
7.685627652173912
7.905845446808511
8.0842525
7.902399020408163
7.71218432
7.707490980392157
7.688816615384615
7.694341433962264
7.7190084444444445
7.703839127272728
7.687787571428571
7.688775859649123
7.744099724137931
7.70594006779661
7.6839328
7.684142295081967
7.697272129032258
7.612526222222222
7.5038694999999995
7.498437046153846
7.550586060606061
7.692179940298507
7.691920235294117
7.6861343768115935
7.704053714285715
7.613317183098591
7.496761
7.589161424657535
7.952954594594595
7.930479146666666
7.8861938947368415
7.705680311688312
7.691403794871795
7.689106329113924
7.6913108
7.691746469135802
7.702552780487805
7.689678361445782
7.708189238095238
7.697050070588235
7.688835255813953
7.530143724137931
7.501360090909091
7.583532404494382
7.6890936000000005
7.703619868131868
7.689947130434782
7.702643440860215
7.97448714893617
7.731831410526317
7.71070975
7.687715546391752
7.690012244897959
7.688732121212121
7.68693944
