value
7.682288
7.6792359999999995
7.6863280000000005
7.682978
8.7983328
8.104193333333333
7.862022857142857
7.9511769999999995
7.816558222222222
7.8217024
7.683389818181818
7.685290666666667
7.716087384615385
7.706992571428572
7.6856416
7.703663499999999
7.700656
7.684126222222222
7.699072
7.715273600000001
7.699642666666667
8.466469454545456
8.163288695652174
7.9455
7.76721504
7.7171175384615385
7.684706962962963
7.684092571428572
7.7036880000000005
7.6835602666666665
7.685015225806452
7.71348675
7.75423903030303
7.7160548235294115
7.686836571428571
7.685260222222222
7.698877189189189
7.685063578947368
7.691795282051282
7.6980732
7.727221658536585
7.684352952380952
7.684596837209302
7.729105090909091
7.6847105777777776
7.697437739130435
7.713378382978724
7.689773333333333
7.740124571428572
7.973536960000001
8.053399529411765
7.936166615384615
7.791577811320755
7.689293777777778
7.714353309090909
7.7182514285714285
7.708866666666667
7.684107034482759
7.751173288135593
7.7003256
7.708809573770492
7.692781419354838
7.689257904761905
7.688459375000001
7.699041476923076
7.696588606060606
7.707727164179105
7.533497764705882
7.540225855072464
7.547360914285714
7.687642028169014
7.715577555555556
7.695589698630137
7.691251243243243
7.7249552
8.05077905263158
7.746378389610389
7.703123487179487
7.698034936708861
7.695197
7.708134716049383
7.71884556097561
7.703129734939759
7.704046571428571
7.710926588235294
7.710153581395349
7.698001471264368
7.708839090909091
7.708421662921348
7.543514044444444
7.4926344615384615
7.657322173913043
7.692864344086021
7.69998544680851
7.9909552
7.709940583333333
7.718986474226804
7.6876844897959185
7.712023757575757
7.7126324
