value
188.77866666666665
183.51416666666665
184.9441111111111
190.036625
217.08623333333333
190.67716666666666
196.09907142857142
191.05485416666664
188.72070370370372
192.8923166666667
216.92
200.27754166666665
194.0476282051282
183.62573809523812
183.95329999999998
184.73561458333333
183.44791176470588
183.8724814814815
183.37948245614032
183.39615
183.42764285714287
184.00422727272726
183.72827536231884
183.44263888888887
183.41633333333334
183.41040384615386
183.65409259259258
183.42417857142857
183.4148448275862
183.39995000000002
184.00098924731185
183.49096354166664
183.40078282828281
183.40777450980391
183.44395714285713
183.39155555555556
183.89300900900903
184.80600877192984
200.68864529914532
197.54140833333332
186.88155691056912
183.84371031746034
184.62417441860464
184.20358712121214
183.52288888888887
183.3957608695652
183.40853191489362
184.0279548611111
183.42406462585032
183.52742666666666
183.5735751633987
183.74704487179488
183.3957358490566
183.43619753086418
183.79921212121212
183.54389583333335
184.03816081871346
183.5491264367816
183.53942937853108
184.21750833333334
183.7926912568306
183.62418010752688
183.6043492063492
183.89237760416665
183.87189999999998
197.028601010101
185.9358830845771
183.41993627450978
184.10188164251207
183.77450238095238
184.04297417840377
183.6982939814815
183.60560502283107
184.61562837837837
183.46771555555557
183.50448903508772
183.81982034632034
183.63510256410257
183.4838734177215
183.6214875
183.50255555555557
183.48434349593498
183.76655220883535
186.52867261904763
193.98134705882353
183.48703682170543
184.2847356321839
184.5533731060606
183.50191760299626
183.65742407407407
183.51915567765568
183.6247427536232
183.80329928315413
183.4408085106383
183.9944105263158
183.54722048611112
183.58412199312713
183.81355952380952
183.45079124579124
193.8215933333333
