value
189.142
183.30108333333334
183.43372222222223
189.2455
200.30366666666666
219.35797222222223
208.3472380952381
197.2278125
193.8043148148148
187.92098333333334
186.73633333333333
183.96272222222223
183.9412435897436
183.4515
183.53027777777777
190.370125
199.39576470588236
199.0403611111111
199.00342105263158
192.20127499999998
183.89150793650794
185.47225
183.45873188405798
183.87229861111112
183.45362666666668
183.73006410256409
183.4273148148148
184.11911904761905
183.6617931034483
183.97930555555556
183.91051612903226
184.713640625
184.4361919191919
184.21928921568627
183.38289523809522
183.76355092592593
184.03038288288286
183.59528070175438
184.13281196581198
183.92075416666668
183.56867073170733
184.13346031746033
184.90827906976745
184.49089772727274
183.7239111111111
183.4722463768116
183.99680851063832
183.80713541666665
184.15952721088436
183.52261333333334
183.52294444444445
184.06219871794872
183.76743396226416
184.04912962962965
184.55430303030303
198.13703869047617
188.37591228070175
183.9339683908046
183.39584745762713
184.75213333333332
183.58945081967215
183.91730376344086
183.50231216931218
184.02476041666665
183.37297692307692
184.00014646464646
183.79099253731343
183.4746887254902
184.45588405797102
183.57845
184.08341079812206
183.8503101851852
184.006100456621
184.13286486486484
183.82603555555553
183.65245614035086
194.61871645021645
186.72046153846154
183.6022341772152
183.6063770833333
183.73592386831277
183.62794715447154
183.92012851405622
183.42261111111114
184.3495294117647
183.55399806201552
184.0272643678161
184.26889583333335
183.64983895131087
183.7903925925926
183.53753663003664
183.7928188405797
186.16780465949822
192.21314716312057
184.11424385964912
183.7334965277778
183.54210137457045
183.6091156462585
183.48063804713806
183.69922333333332
